# S target l2 l1
50.000000 -10.000000 -9.971040 -10.106620
50.200401 -9.899800 -9.871755 -10.006088
50.400802 -9.799599 -9.772471 -9.905557
50.601202 -9.699399 -9.673186 -9.805025
50.801603 -9.599198 -9.573902 -9.704494
51.002004 -9.498998 -9.474618 -9.603962
51.202405 -9.398798 -9.375333 -9.503431
51.402806 -9.298597 -9.276049 -9.402899
51.603206 -9.198397 -9.176764 -9.302368
51.803607 -9.098196 -9.077480 -9.201836
52.004008 -8.997996 -8.978196 -9.101305
52.204409 -8.897796 -8.878911 -9.000773
52.404810 -8.797595 -8.779627 -8.900242
52.605210 -8.697395 -8.680343 -8.799710
52.805611 -8.597194 -8.581058 -8.699179
53.006012 -8.496994 -8.481774 -8.598647
53.206413 -8.396794 -8.382489 -8.498115
53.406814 -8.296593 -8.283205 -8.397584
53.607214 -8.196393 -8.183921 -8.297052
53.807615 -8.096192 -8.084636 -8.196521
54.008016 -7.995992 -7.985352 -8.095989
54.208417 -7.895792 -7.886067 -7.995458
54.408818 -7.795591 -7.786783 -7.894926
54.609218 -7.695391 -7.687499 -7.794395
54.809619 -7.595190 -7.588214 -7.693863
55.010020 -7.494990 -7.488930 -7.593332
55.210421 -7.394790 -7.389646 -7.492800
55.410822 -7.294589 -7.290361 -7.392269
55.611222 -7.194389 -7.191077 -7.291737
55.811623 -7.094188 -7.091792 -7.191206
56.012024 -6.993988 -6.992508 -7.090674
56.212425 -6.893788 -6.893224 -6.990143
56.412826 -6.793587 -6.793939 -6.889611
56.613226 -6.693387 -6.694655 -6.789079
56.813627 -6.593186 -6.595370 -6.688548
57.014028 -6.492986 -6.496086 -6.588016
57.214429 -6.392786 -6.396802 -6.487485
57.414830 -6.292585 -6.297517 -6.386953
57.615230 -6.192385 -6.198233 -6.286422
57.815631 -6.092184 -6.098949 -6.185890
58.016032 -5.991984 -5.999664 -6.085359
58.216433 -5.891784 -5.900380 -5.984827
58.416834 -5.791583 -5.801095 -5.884296
58.617234 -5.691383 -5.701811 -5.783764
58.817635 -5.591182 -5.602527 -5.683233
59.018036 -5.490982 -5.503242 -5.582701
59.218437 -5.390782 -5.403958 -5.482170
59.418838 -5.290581 -5.304673 -5.381638
59.619238 -5.190381 -5.205389 -5.281106
59.819639 -5.090180 -5.106105 -5.180575
60.020040 -4.989980 -5.006820 -5.080043
60.220441 -4.889780 -4.907536 -4.979512
60.420842 -4.789579 -4.808252 -4.878980
60.621242 -4.689379 -4.708967 -4.778449
60.821643 -4.589178 -4.609683 -4.677917
61.022044 -4.488978 -4.510398 -4.577386
61.222445 -4.388778 -4.411114 -4.476854
61.422846 -4.288577 -4.311830 -4.376323
61.623246 -4.188377 -4.212545 -4.275791
61.823647 -4.088176 -4.113261 -4.175260
62.024048 -3.987976 -4.013976 -4.074728
62.224449 -3.887776 -3.914692 -3.974197
62.424850 -3.787575 -3.815408 -3.873665
62.625251 -3.687375 -3.716123 -3.773134
62.825651 -3.587174 -3.616839 -3.672602
63.026052 -3.486974 -3.517555 -3.572070
63.226453 -3.386774 -3.418270 -3.471539
63.426854 -3.286573 -3.318986 -3.371007
63.627255 -3.186373 -3.219701 -3.270476
63.827655 -3.086172 -3.120417 -3.169944
64.028056 -2.985972 -3.021133 -3.069413
64.228457 -2.885772 -2.921848 -2.968881
64.428858 -2.785571 -2.822564 -2.868350
64.629259 -2.685371 -2.723279 -2.767818
64.829659 -2.585170 -2.623995 -2.667287
65.030060 -2.484970 -2.524711 -2.566755
65.230461 -2.384770 -2.425426 -2.466224
65.430862 -2.284569 -2.326142 -2.365692
65.631263 -2.184369 -2.226858 -2.265161
65.831663 -2.084168 -2.127573 -2.164629
66.032064 -1.983968 -2.028289 -2.064097
66.232465 -1.883768 -1.929004 -1.963566
66.432866 -1.783567 -1.829720 -1.863034
66.633267 -1.683367 -1.730436 -1.762503
66.833667 -1.583166 -1.631151 -1.661971
67.034068 -1.482966 -1.531867 -1.561440
67.234469 -1.382766 -1.432582 -1.460908
67.434870 -1.282565 -1.333298 -1.360377
67.635271 -1.182365 -1.234014 -1.259845
67.835671 -1.082164 -1.134729 -1.159314
68.036072 -0.981964 -1.035445 -1.058782
68.236473 -0.881764 -0.936161 -0.958251
68.436874 -0.781563 -0.836876 -0.857719
68.637275 -0.681363 -0.737592 -0.757188
68.837675 -0.581162 -0.638307 -0.656656
69.038076 -0.480962 -0.539023 -0.556125
69.238477 -0.380762 -0.439739 -0.455593
69.438878 -0.280561 -0.340454 -0.355061
69.639279 -0.180361 -0.241170 -0.254530
69.839679 -0.080160 -0.141885 -0.153998
70.040080 0.020040 -0.040915 -0.046299
70.240481 0.120240 0.066801 0.090075
70.440882 0.220441 0.174516 0.226448
70.641283 0.320641 0.282231 0.362821
70.841683 0.420842 0.389947 0.499194
71.042084 0.521042 0.497662 0.635567
71.242485 0.621242 0.605378 0.771940
71.442886 0.721443 0.713093 0.908313
71.643287 0.821643 0.820809 1.044686
71.843687 0.921844 0.928524 1.181059
72.044088 1.022044 1.036240 1.317432
72.244489 1.122244 1.143955 1.453806
72.444890 1.222445 1.251670 1.590179
72.645291 1.322645 1.359386 1.726552
72.845691 1.422846 1.467101 1.862925
73.046092 1.523046 1.574817 1.999298
73.246493 1.623246 1.682532 2.135671
73.446894 1.723447 1.790248 2.272044
73.647295 1.823647 1.897963 2.408417
73.847695 1.923848 2.005679 2.544790
74.048096 2.024048 2.113394 2.681163
74.248497 2.124248 2.221109 2.817537
74.448898 2.224449 2.328825 2.953910
74.649299 2.324649 2.436540 3.090283
74.849699 2.424850 2.544256 3.226656
75.050100 2.525050 2.651971 3.363029
75.250501 2.625251 2.759687 3.499402
75.450902 2.725451 2.867402 3.635775
75.651303 2.825651 2.975118 3.772148
75.851703 2.925852 3.082833 3.908521
76.052104 3.026052 3.190548 4.044894
76.252505 3.126253 3.298264 4.181268
76.452906 3.226453 3.405979 4.317641
76.653307 3.326653 3.513695 4.454014
76.853707 3.426854 3.621410 4.590387
77.054108 3.527054 3.729126 4.726760
77.254509 3.627255 3.836841 4.863133
77.454910 3.727455 3.944557 4.999506
77.655311 3.827655 4.052272 5.135879
77.855711 3.927856 4.159987 5.272252
78.056112 4.028056 4.267703 5.408625
78.256513 4.128257 4.375418 5.544999
78.456914 4.228457 4.483134 5.681372
78.657315 4.328657 4.590849 5.817745
78.857715 4.428858 4.698565 5.954118
79.058116 4.529058 4.806280 6.090491
79.258517 4.629259 4.913996 6.226864
79.458918 4.729459 5.021711 6.363237
79.659319 4.829659 5.129426 6.499610
79.859719 4.929860 5.237142 6.635983
80.060120 5.094435 5.387132 6.772356
80.260521 5.409111 5.635763 6.908730
80.460922 5.723382 5.884394 7.045103
80.661323 6.036936 6.133026 7.181476
80.861723 6.349462 6.381657 7.317849
81.062124 6.660652 6.630288 7.454222
81.262525 6.970196 6.878919 7.590595
81.462926 7.277788 7.127550 7.726968
81.663327 7.583122 7.376181 7.863341
81.863727 7.885898 7.624813 7.999714
82.064128 8.185814 7.873444 8.136087
82.264529 8.482573 8.122075 8.272461
82.464930 8.775882 8.370706 8.408834
82.665331 9.065449 8.619337 8.545207
82.865731 9.350988 8.867968 8.681580
83.066132 9.632216 9.116600 8.817953
83.266533 9.908855 9.365231 8.954326
83.466934 10.180629 9.613862 9.090699
83.667335 10.447270 9.862493 9.227072
83.867735 10.708514 10.111124 9.363445
84.068136 10.964102 10.359755 9.499818
84.268537 11.213780 10.608387 9.636192
84.468938 11.457301 10.857018 9.772565
84.669339 11.694425 11.105649 9.908938
84.869739 11.924915 11.354280 10.045311
85.070140 12.148543 11.602911 10.181684
85.270541 12.365089 11.851542 10.318057
85.470942 12.574337 12.100173 10.454430
85.671343 12.776080 12.348805 10.590803
85.871743 12.970118 12.597436 10.727176
86.072144 13.156259 12.846067 10.863549
86.272545 13.334319 13.094698 10.999923
86.472946 13.504120 13.343329 11.136296
86.673347 13.665496 13.591960 11.272669
86.873747 13.818285 13.840592 11.409042
87.074148 13.962337 14.089223 11.545415
87.274549 14.097508 14.337854 11.681788
87.474950 14.223666 14.586485 11.818161
87.675351 14.340684 14.835116 11.954534
87.875752 14.448447 15.083747 12.090907
88.076152 14.546848 15.332379 12.227280
88.276553 14.635790 15.581010 12.363654
88.476954 14.715185 15.829641 12.500027
88.677355 14.784953 16.078272 12.636400
88.877756 14.845026 16.326903 12.772773
89.078156 14.895344 16.575534 12.909146
89.278557 14.935857 16.824166 13.045519
89.478958 14.966526 17.072797 13.181892
89.679359 14.987319 17.321428 13.318265
89.879760 14.998216 17.570059 13.454638
90.080160 14.999207 17.580248 13.549040
90.280561 14.990291 17.232772 13.580484
90.480962 14.971475 16.885296 13.611928
90.681363 14.942779 16.537821 13.643372
90.881764 14.904232 16.190345 13.674817
91.082164 14.855871 15.842869 13.706261
91.282565 14.797745 15.495394 13.737705
91.482966 14.729911 15.147918 13.769149
91.683367 14.652436 14.800442 13.800593
91.883768 14.565396 14.452967 13.832038
92.084168 14.468880 14.105491 13.863482
92.284569 14.362981 13.758015 13.894926
92.484970 14.247804 13.410540 13.926370
92.685371 14.123465 13.063064 13.957814
92.885772 13.990086 12.715588 13.989258
93.086172 13.847799 12.368113 14.020703
93.286573 13.696745 12.020637 14.052147
93.486974 13.537075 11.673161 14.083591
93.687375 13.368945 11.325686 14.115035
93.887776 13.192523 10.978210 14.146479
94.088176 13.007984 10.630734 14.177924
94.288577 12.815510 10.283259 14.209368
94.488978 12.615292 9.935783 14.240812
94.689379 12.407529 9.588307 14.272256
94.889780 12.192426 9.240832 14.303700
95.090180 11.970197 8.893356 14.335144
95.290581 11.741061 8.545880 14.366589
95.490982 11.505245 8.198405 14.398033
95.691383 11.262985 7.850929 14.429477
95.891784 11.014518 7.503453 14.460921
96.092184 10.760092 7.155978 14.492365
96.292585 10.499959 6.808502 14.523810
96.492986 10.234377 6.461026 14.555254
96.693387 9.963607 6.113551 14.586698
96.893788 9.687920 5.766075 14.618142
97.094188 9.407588 5.418599 14.649586
97.294589 9.122888 5.071124 14.681030
97.494990 8.834104 4.723648 14.712475
97.695391 8.541520 4.376172 14.743919
97.895792 8.245428 4.028697 14.775363
98.096192 7.946119 6.081340 15.958580
98.296593 7.643892 10.734111 18.389552
98.496994 7.339045 15.386882 20.820524
98.697395 7.031880 20.039654 23.251496
98.897796 6.722702 24.692425 25.682468
99.098196 6.411817 29.345197 28.113440
99.298597 6.099533 33.997968 30.544411
99.498998 5.786160 38.650739 32.975383
99.699399 5.472008 43.303511 35.406355
99.899800 5.157388 47.956282 37.837327
100.100200 71.017118 50.323038 39.321770
100.300601 69.947057 50.403779 39.859683
100.501002 68.882425 50.484519 40.397597
100.701403 67.823250 50.565259 40.935510
100.901804 66.769561 50.646000 41.473423
101.102204 65.721385 50.726740 42.011337
101.302605 64.678752 50.807480 42.549250
101.503006 63.641692 50.888221 43.087164
101.703407 62.610235 50.968961 43.625077
101.903808 61.584411 51.049701 44.162991
102.104208 60.564252 51.130442 44.700904
102.304609 59.549789 51.211182 45.238818
102.505010 58.541054 51.291922 45.776731
102.705411 57.538080 51.372663 46.314645
102.905812 56.540900 51.453403 46.852558
103.106212 55.549548 51.534143 47.390471
103.306613 54.564059 51.614884 47.928385
103.507014 53.584468 51.695624 48.466298
103.707415 52.610810 51.776364 49.004212
103.907816 51.643122 51.857105 49.542125
104.108216 50.681440 51.937845 50.080039
104.308617 49.725804 52.018585 50.617952
104.509018 48.776250 52.099326 51.155866
104.709419 47.832819 52.180066 51.693779
104.909820 46.895550 52.260806 52.231692
105.110220 45.964484 51.632889 51.836295
105.310621 45.039663 50.425161 50.677280
105.511022 44.121129 49.217434 49.518264
105.711423 43.208925 48.009706 48.359249
105.911824 42.303096 46.801978 47.200233
106.112224 41.403687 45.594251 46.041218
106.312625 40.510744 44.386523 44.882203
106.513026 39.624315 43.178795 43.723187
106.713427 38.744447 41.971067 42.564172
106.913828 37.871189 40.763340 41.405156
107.114228 37.004593 39.555612 40.246141
107.314629 36.144709 38.347884 39.087125
107.515030 35.291591 37.140157 37.928110
107.715431 34.445293 35.932429 36.769095
107.915832 33.605870 34.724701 35.610079
108.116232 32.773378 33.516973 34.451064
108.316633 31.947877 32.309246 33.292048
108.517034 31.129425 31.101518 32.133033
108.717435 30.318085 29.893790 30.974017
108.917836 29.513918 28.686063 29.815002
109.118236 28.716990 27.478335 28.655987
109.318637 27.927366 26.270607 27.496971
109.519038 27.145116 25.062879 26.337956
109.719439 26.370309 23.855152 25.178940
109.919840 25.603017 22.647424 24.019925
110.120240 24.843315 21.882523 23.262768
110.320641 24.091279 21.412839 22.773516
110.521042 23.346989 20.943155 22.284265
110.721443 22.610525 20.473471 21.795014
110.921844 21.881973 20.003787 21.305762
111.122244 21.161418 19.534103 20.816511
111.322645 20.448950 19.064419 20.327260
111.523046 19.744663 18.594735 19.838008
111.723447 19.048652 18.125051 19.348757
111.923848 18.361017 17.655367 18.859505
112.124248 17.681862 17.185683 18.370254
112.324649 17.011293 16.716000 17.881003
112.525050 16.349422 16.246316 17.391751
112.725451 15.696366 15.776632 16.902500
112.925852 15.052243 15.306948 16.413248
113.126253 14.417181 14.837264 15.923997
113.326653 13.791310 14.367580 15.434746
113.527054 13.174767 13.897896 14.945494
113.727455 12.567696 13.428212 14.456243
113.927856 11.970247 12.958528 13.966991
114.128257 11.382577 12.488844 13.477740
114.328657 10.804852 12.019160 12.988489
114.529058 10.237246 11.549477 12.499237
114.729459 9.679943 11.079793 12.009986
114.929860 9.133137 10.610109 11.520734
115.130261 8.597033 10.140425 11.031483
115.330661 8.071849 9.670741 10.542232
115.531062 7.557819 9.201057 10.052980
115.731463 7.055188 8.731373 9.563729
115.931864 6.564221 8.261689 9.074477
116.132265 6.085204 7.792005 8.585226
116.332665 5.618441 7.322321 8.095975
116.533066 5.164263 6.852637 7.606723
116.733467 4.723029 6.382954 7.117472
116.933868 4.295130 5.913270 6.628221
117.134269 3.880996 5.443586 6.138969
117.334669 3.481101 4.973902 5.649718
117.535070 3.095971 4.504218 5.160466
117.735471 2.726194 4.034534 4.671215
117.935872 2.372439 3.564850 4.181964
118.136273 2.035465 3.095166 3.692712
118.336673 1.716154 2.625482 3.203461
118.537074 1.415544 2.155798 2.714209
118.737475 1.134880 1.686114 2.224958
118.937876 0.875695 1.216430 1.735707
119.138277 0.639944 0.746747 1.246455
119.338677 0.430239 0.277063 0.757204
119.539078 0.250340 -0.192621 0.267952
119.739479 0.106379 -0.662305 -0.221299
119.939880 0.011793 -1.131989 -0.710550
120.140281 0.000000 -1.251562 -0.851675
120.340681 0.000000 -1.221087 -0.843602
120.541082 0.000000 -1.190612 -0.835529
120.741483 0.000000 -1.160137 -0.827456
120.941884 0.000000 -1.129662 -0.819384
121.142285 0.000000 -1.099187 -0.811311
121.342685 0.000000 -1.068712 -0.803238
121.543086 0.000000 -1.038237 -0.795165
121.743487 0.000000 -1.007762 -0.787093
121.943888 0.000000 -0.977287 -0.779020
122.144289 0.000000 -0.946813 -0.770947
122.344689 0.000000 -0.916338 -0.762874
122.545090 0.000000 -0.885863 -0.754802
122.745491 0.000000 -0.855388 -0.746729
122.945892 0.000000 -0.824913 -0.738656
123.146293 0.000000 -0.794438 -0.730583
123.346693 0.000000 -0.763963 -0.722510
123.547094 0.000000 -0.733488 -0.714438
123.747495 0.000000 -0.703013 -0.706365
123.947896 0.000000 -0.672538 -0.698292
124.148297 0.000000 -0.642063 -0.690219
124.348697 0.000000 -0.611588 -0.682147
124.549098 0.000000 -0.581113 -0.674074
124.749499 0.000000 -0.550638 -0.666001
124.949900 0.000000 -0.520164 -0.657928
125.150301 0.000000 -0.489689 -0.649855
125.350701 0.000000 -0.459214 -0.641783
125.551102 0.000000 -0.428739 -0.633710
125.751503 0.000000 -0.398264 -0.625637
125.951904 0.000000 -0.367789 -0.617564
126.152305 0.000000 -0.337314 -0.609492
126.352705 0.000000 -0.306839 -0.601419
126.553106 0.000000 -0.276364 -0.593346
126.753507 0.000000 -0.245889 -0.585273
126.953908 0.000000 -0.215414 -0.577200
127.154309 0.000000 -0.184939 -0.569128
127.354709 0.000000 -0.154464 -0.561055
127.555110 0.000000 -0.123989 -0.552982
127.755511 0.000000 -0.093515 -0.544909
127.955912 0.000000 -0.063040 -0.536837
128.156313 0.000000 -0.032565 -0.528764
128.356713 0.000000 -0.002090 -0.520691
128.557114 0.000000 0.028385 -0.512618
128.757515 0.000000 0.058860 -0.504545
128.957916 0.000000 0.089335 -0.496473
129.158317 0.000000 0.119810 -0.488400
129.358717 0.000000 0.150285 -0.480327
129.559118 0.000000 0.180760 -0.472254
129.759519 0.000000 0.211235 -0.464182
129.959920 0.000000 0.241710 -0.456109
130.160321 0.000000 0.244898 -0.448036
130.360721 0.000000 0.241265 -0.439963
130.561122 0.000000 0.237632 -0.431890
130.761523 0.000000 0.233999 -0.423818
130.961924 0.000000 0.230366 -0.415745
131.162325 0.000000 0.226732 -0.407672
131.362725 0.000000 0.223099 -0.399599
131.563126 0.000000 0.219466 -0.391527
131.763527 0.000000 0.215833 -0.383454
131.963928 0.000000 0.212200 -0.375381
132.164329 0.000000 0.208567 -0.367308
132.364729 0.000000 0.204933 -0.359235
132.565130 0.000000 0.201300 -0.351163
132.765531 0.000000 0.197667 -0.343090
132.965932 0.000000 0.194034 -0.335017
133.166333 0.000000 0.190401 -0.326944
133.366733 0.000000 0.186768 -0.318872
133.567134 0.000000 0.183135 -0.310799
133.767535 0.000000 0.179501 -0.302726
133.967936 0.000000 0.175868 -0.294653
134.168337 0.000000 0.172235 -0.286580
134.368737 0.000000 0.168602 -0.278508
134.569138 0.000000 0.164969 -0.270435
134.769539 0.000000 0.161336 -0.262362
134.969940 0.000000 0.157702 -0.254289
135.170341 0.000000 0.154069 -0.246217
135.370741 0.000000 0.150436 -0.238144
135.571142 0.000000 0.146803 -0.230071
135.771543 0.000000 0.143170 -0.221998
135.971944 0.000000 0.139537 -0.213925
136.172345 0.000000 0.135903 -0.205853
136.372745 0.000000 0.132270 -0.197780
136.573146 0.000000 0.128637 -0.189707
136.773547 0.000000 0.125004 -0.181634
136.973948 0.000000 0.121371 -0.173562
137.174349 0.000000 0.117738 -0.165489
137.374749 0.000000 0.114105 -0.157416
137.575150 0.000000 0.110471 -0.149343
137.775551 0.000000 0.106838 -0.141271
137.975952 0.000000 0.103205 -0.133198
138.176353 0.000000 0.099572 -0.125125
138.376754 0.000000 0.095939 -0.117052
138.577154 0.000000 0.092306 -0.108979
138.777555 0.000000 0.088672 -0.100907
138.977956 0.000000 0.085039 -0.092834
139.178357 0.000000 0.081406 -0.084761
139.378758 0.000000 0.077773 -0.076688
139.579158 0.000000 0.074140 -0.068616
139.779559 0.000000 0.070507 -0.060543
139.979960 0.000000 0.066874 -0.052470
140.180361 0.000000 0.063240 -0.044397
140.380762 0.000000 0.059607 -0.036324
140.581162 0.000000 0.055974 -0.028252
140.781563 0.000000 0.052341 -0.020179
140.981964 0.000000 0.048708 -0.012106
141.182365 0.000000 0.045075 -0.004033
141.382766 0.000000 0.041441 0.004039
141.583166 0.000000 0.037808 0.012112
141.783567 0.000000 0.034175 0.020185
141.983968 0.000000 0.030542 0.028258
142.184369 0.000000 0.026909 0.036331
142.384770 0.000000 0.023276 0.044403
142.585170 0.000000 0.019642 0.052476
142.785571 0.000000 0.016009 0.060549
142.985972 0.000000 0.012376 0.068622
143.186373 0.000000 0.008743 0.076694
143.386774 0.000000 0.005110 0.084767
143.587174 0.000000 0.001477 0.092840
143.787575 0.000000 -0.002156 0.100913
143.987976 0.000000 -0.005790 0.108986
144.188377 0.000000 -0.009423 0.117058
144.388778 0.000000 -0.013056 0.125131
144.589178 0.000000 -0.016689 0.133204
144.789579 0.000000 -0.020322 0.141277
144.989980 0.000000 -0.023955 0.149349
145.190381 0.000000 -0.027589 0.157422
145.390782 0.000000 -0.031222 0.165495
145.591182 0.000000 -0.034855 0.173568
145.791583 0.000000 -0.038488 0.181641
145.991984 0.000000 -0.042121 0.189713
146.192385 0.000000 -0.045754 0.197786
146.392786 0.000000 -0.049387 0.205859
146.593186 0.000000 -0.053021 0.213932
146.793587 0.000000 -0.056654 0.222004
146.993988 0.000000 -0.060287 0.230077
147.194389 0.000000 -0.063920 0.238150
147.394790 0.000000 -0.067553 0.246223
147.595190 0.000000 -0.071186 0.254296
147.795591 0.000000 -0.074820 0.262368
147.995992 0.000000 -0.078453 0.270441
148.196393 0.000000 -0.082086 0.278514
148.396794 0.000000 -0.085719 0.286587
148.597194 0.000000 -0.089352 0.294659
148.797595 0.000000 -0.092985 0.302732
148.997996 0.000000 -0.096618 0.310805
149.198397 0.000000 -0.100252 0.318878
149.398798 0.000000 -0.103885 0.326951
149.599198 0.000000 -0.107518 0.335023
149.799599 0.000000 -0.111151 0.343096
150.000000 0.000000 -0.114784 0.351169
